cb_mux:
inv_cb_mux_1    : 1   2   2   2   2   
inv_cb_mux_2    : 4   6   6   7   7   
ptran_cb_mux_L2 : 2   3   3   3   3   
rest_cb_mux     : 1   1   1   1   1   
ptran_cb_mux_L1 : 1   2   2   2   2   

Area                Delay               APD                 
2701828.98319       1.923e-10           0.000519561713467   
3494942.7541        1.66e-10            0.000580160497181   
3494942.7541        1.269e-10           0.000443508235496   
3502088.05645       1.288e-10           0.000451068941671   
3502088.05645       1.289e-10           0.000451419150477   

columndecoder:
inv_columndecoder_1 : 7   6   7   6   7   
inv_columndecoder_2 : 18  17  18  17  18  
inv_columndecoder_3 : 35  33  34  34  35  

Area                Delay               APD                 
5436005.47442       6.405e-10           0.00348176150637    
5193779.69923       1.267e-10           0.000658051887893   
5351214.94736       1.248e-10           0.000667831625431   
5284160.24788       1.249e-10           0.00065999161496    
5458525.18318       1.259e-10           0.000687228320562   

general_ble_output:
inv_general_ble_output_2 : 2   2   2   2   2   
inv_general_ble_output_1 : 2   2   2   2   2   
rest_general_ble_output  : 1   1   1   1   1   
ptran_general_ble_output : 5   4   4   4   4   

Area                Delay               APD                 
566074.700789       4.298e-11           2.43298906399e-05   
550547.498597       3.256e-11           1.79258265543e-05   
543760.02903        3.199e-11           1.73948833287e-05   
536811.635783       3.504e-11           1.88098797178e-05   
543760.02903        3.517e-11           1.9124040221e-05    

local_ble_output:
inv_local_ble_output_2 : 6   8   7   7   7   
ptran_local_ble_output : 7   6   6   6   6   
inv_local_ble_output_1 : 3   3   5   4   4   
rest_local_ble_output  : 1   1   1   1   1   

Area                Delay               APD                 
775529.9953         1.197e-10           9.28309404374e-05   
721236.776449       1.483e-10           0.000106959413947   
801103.99919        1.07e-10            8.57181279133e-05   
774697.169221       1.08e-10            8.36672942759e-05   
773752.974749       1.07e-10            8.27915682982e-05   

local_mux:
inv_local_mux_1    : 1   3   3   3   3   
rest_local_mux     : 1   1   1   1   1   
ptran_local_mux_L1 : 1   1   1   1   1   
ptran_local_mux_L2 : 2   2   2   2   2   

Area                Delay               APD                 
1155070.74053       4.704e-11           5.43345276344e-05   
1190188.96469       1.099e-10           0.00013080176722    
1190188.96469       6.758e-11           8.04329702338e-05   
1190188.96469       6.901e-11           8.21349404533e-05   
1190188.96469       6.538e-11           7.78145545115e-05   

lookahead4_dummy:
inv_lookahead4_dummy_2 : 1   1   1   1   1   
inv_lookahead4_dummy_3 : 6   6   6   6   6   
inv_lookahead4_dummy_1 : 10  10  10  10  10  

Area                Delay               APD                 
5302818.15151       2.337e-10           0.00123926860201    
5302818.15151       1.576e-10           0.000835724140679   
5302818.15151       1.576e-10           0.000835724140679   
5302818.15151       1.576e-10           0.000835724140679   
5302818.15151       1.576e-10           0.000835724140679   

lut:
rest_lut_out_buffer    : 1   1   1   1   1   
inv_lut_out_buffer_2   : 3   5   5   5   5   
inv_lut_out_buffer_1   : 3   3   4   4   4   
inv_lut_0sram_driver_2 : 2   2   2   2   2   
rest_lut_int_buffer    : 1   1   1   1   1   
inv_lut_int_buffer_2   : 3   4   4   4   4   
inv_lut_int_buffer_1   : 2   2   2   2   2   
ptran_lut_L1           : 3   3   4   4   4   
ptran_lut_L2           : 5   5   6   6   5   
ptran_lut_L3           : 4   4   4   5   4   
ptran_lut_L4           : 12  14  16  16  15  
ptran_lut_L5           : 17  18  20  22  20  
ptran_lut_L6           : 12  12  15  14  13  

Area                Delay               APD                 
26922631.4931       4.511e-10           0.0121447990665     
28217600.0385       1.707e-10           0.00481674432657    
29181530.9828       1.69e-10            0.00493167873609    
29334986.8496       1.636e-10           0.00479920384859    
28487715.7781       1.62e-10            0.00461500995606    

lut_a_driver:
inv_lut_a_driver_2 : 12  12  13  12  12  

Area                Delay               APD                 
305326.336843       3.713e-11           1.1336766887e-05    
311122.069953       1.436e-11           4.46771292452e-06   
334682.286647       1.333e-11           4.461314881e-06     
311122.069953       1.41e-11            4.38682118633e-06   
322622.864511       1.519e-11           4.90064131192e-06   

lut_a_driver_not:
inv_lut_a_driver_not_1 : 6   6   7   6   6   
inv_lut_a_driver_not_2 : 9   9   9   10  11  

Area                Delay               APD                 
384689.501491       4.066e-11           1.56414751306e-05   
391227.304691       2.288e-11           8.95128073134e-06   
404810.833463       2.002e-11           8.10431288593e-06   
404532.797997       2.106e-11           8.51946072582e-06   
417608.404398       2.065e-11           8.62361355083e-06   

lut_b_driver:
inv_lut_b_driver_2 : 12  10  12  12  11  

Area                Delay               APD                 
305326.336843       3.049e-11           9.30940001033e-06   
274756.54698        1.369e-11           3.76141712816e-06   
311122.069953       1.391e-11           4.32770799304e-06   
311122.069953       1.347e-11           4.19081428226e-06   
293059.50827        1.346e-11           3.94458098131e-06   

lut_b_driver_not:
inv_lut_b_driver_not_1 : 6   7   6   6   5   
inv_lut_b_driver_not_2 : 8   8   9   9   8   

Area                Delay               APD                 
371114.562357       3.258e-11           1.20909124416e-05   
391235.894329       2.272e-11           8.88887951916e-06   
391227.304691       1.878e-11           7.34724878211e-06   
384689.501491       2.012e-11           7.73995276999e-06   
357067.79703        2.062e-11           7.36273797476e-06   

lut_c_driver:
rest_lut_c_driver    : 1   1   1   1   1   
inv_lut_c_driver_2   : 4   5   5   6   5   
inv_lut_c_driver_1   : 5   6   7   8   8   
ptran_lut_c_driver_0 : 4   6   6   5   6   
inv_lut_c_driver_0   : 15  11  12  11  12  

Area                Delay               APD                 
812495.252928       6.812e-11           5.53471766294e-05   
813432.918517       3.541e-11           2.88036596447e-05   
853117.197814       3.184e-11           2.71632515784e-05   
860087.058919       3.123e-11           2.686051885e-05     
871920.629523       3.141e-11           2.73870269733e-05   

lut_c_driver_not:
inv_lut_c_driver_not_2 : 7   6   6   6   6   
inv_lut_c_driver_not_1 : 2   3   3   3   3   

Area                Delay               APD                 
331958.179489       7.155e-11           2.37516077424e-05   
313331.662596       3.901e-11           1.22230681579e-05   
327067.52541        3.568e-11           1.16697693066e-05   
320280.055843       3.527e-11           1.12962775696e-05   
306383.269349       3.621e-11           1.10941381831e-05   

lut_d_driver:
inv_lut_d_driver_2 : 5   5   6   6   6   

Area                Delay               APD                 
190812.55244        2.637e-11           5.03172700785e-06   
190812.55244        1.604e-11           3.06063334114e-06   
210830.862737       1.555e-11           3.27841991556e-06   
204557.44107        1.502e-11           3.07245276487e-06   
210830.862737       1.545e-11           3.25733682929e-06   

lut_d_driver_not:
inv_lut_d_driver_not_2 : 5   6   6   5   5   
inv_lut_d_driver_not_1 : 3   3   4   3   3   

Area                Delay               APD                 
269910.60863        2.975e-11           8.02984060673e-06   
292092.664652       2.437e-11           7.11829823758e-06   
307422.294862       2.036e-11           6.2591179234e-06    
269910.60863        2.072e-11           5.5925478108e-06    
269910.60863        2.305e-11           6.22143952891e-06   

lut_e_driver:
inv_lut_e_driver_2 : 3   3   3   3   3   

Area                Delay               APD                 
148489.730572       2.499e-11           3.71075836698e-06   
141541.337325       1.851e-11           2.61993015388e-06   
141541.337325       1.752e-11           2.47980422993e-06   
141541.337325       1.783e-11           2.5236820445e-06    
141541.337325       1.823e-11           2.58029857943e-06   

lut_e_driver_not:
inv_lut_e_driver_not_1 : 2   2   2   2   2   
inv_lut_e_driver_not_2 : 3   4   4   4   4   

Area                Delay               APD                 
221467.813493       2.898e-11           6.41813723504e-06   
237836.469217       2.549e-11           6.06245160033e-06   
237836.469217       2.173e-11           5.16818647608e-06   
237836.469217       2.206e-11           5.24667251092e-06   
237836.469217       2.224e-11           5.28948307538e-06   

lut_f_driver:
inv_lut_f_driver_2 : 3   4   4   4   4   

Area                Delay               APD                 
141541.337325       2.434e-11           3.44511615048e-06   
163461.528          1.653e-11           2.70201905784e-06   
163461.528          1.248e-11           2.03999986944e-06   
163461.528          1.316e-11           2.15115370848e-06   
163461.528          1.303e-11           2.12990370984e-06   

lut_f_driver_not:
inv_lut_f_driver_not_1 : 2   2   3   3   3   
inv_lut_f_driver_not_2 : 3   3   4   4   4   

Area                Delay               APD                 
221467.813493       2.864e-11           6.34283817845e-06   
221467.813493       2.294e-11           5.08047164154e-06   
261860.130976       2.097e-11           5.49120694657e-06   
261860.130976       1.867e-11           4.88892864533e-06   
261860.130976       1.822e-11           4.77109158639e-06   

pgateoutputcrossbar:
inv_pgateoutputcrossbar_1   : 2   2   2   2   2   
inv_pgateoutputcrossbar_3   : 5   5   5   5   5   
inv_pgateoutputcrossbar_2   : 2   2   2   2   2   
ptran_pgateoutputcrossbar_4 : 4   4   4   4   4   

Area                Delay               APD                 
58425163.8346       1.66e-10            0.00969857719654    
58425163.8346       8.065e-11           0.00471198946326    
58425163.8346       8.065e-11           0.00471198946326    
58425163.8346       8.065e-11           0.00471198946326    
58425163.8346       8.065e-11           0.00471198946326    

precharge:
ptran_equalization   : 1   1   1   1   1   
ptran_precharge_side : 11  15  15  15  15  

Area                Delay               APD                 
246177.754246       1.606e-10           3.9536147332e-05    
295587.781684       1.779e-10           5.25850663616e-05   
295587.781684       1.606e-10           4.74713977385e-05   
295587.781684       1.606e-10           4.74713977385e-05   
295587.781684       1.606e-10           4.74713977385e-05   

ram_local_mux:
inv_ram_local_mux_1    : 5   6   6   6   6   
rest_ram_local_mux     : 1   1   1   1   1   
ptran_ram_local_mux_L2 : 3   3   3   3   3   
ptran_ram_local_mux_L1 : 2   2   2   2   2   

Area                Delay               APD                 
1501682.67646       1.728e-10           0.000259490766492   
1509076.69513       3.74e-11            5.64394683979e-05   
1509076.69513       3.503e-11           5.28629566305e-05   
1509076.69513       3.576e-11           5.39645826179e-05   
1509076.69513       3.601e-11           5.43418517917e-05   

rowdecoderstage0:
inv_rowdecoderstage0_1 : 9   8   11  8   8   

Area                Delay               APD                 
1464347.088         2.422e-11           3.54664864714e-05   
1460132.24259       2.005e-11           2.92756514639e-05   
2133876.6119        2e-11               4.2677532238e-05    
1532246.21442       2.062e-11           3.15949169413e-05   
1532246.21442       2.001e-11           3.06602467505e-05   

rowdecoderstage13:
inv_rowdecoderstage13_2       : 3   3   3   3   3   
inv_nand3_rowdecoderstage13_1 : 1   1   1   1   1   

Area                Delay               APD                 
3071230.59421       1.726e-10           0.000530094400561   
3071230.59421       1.175e-10           0.00036086959482    
3071230.59421       1.146e-10           0.000351963026097   
3071230.59421       1.15e-10            0.000353191518335   
3071230.59421       1.149e-10           0.000352884395275   

rowdecoderstage3:
inv_nand2_rowdecoderstage3_1 : 1   1   1   1   1   
inv_rowdecoderstage3_2       : 1   1   1   1   1   

Area                Delay               APD                 
42362742.6268       2.493e-11           0.00105610317369    
41703270.421        2.063e-11           0.000860338468784   
41703270.421        2.024e-11           0.00084407419332    
41703270.421        2.024e-11           0.00084407419332    
41703270.421        2.024e-11           0.00084407419332    

sb_mux:
ptran_sb_mux_L2 : 4   5   6   6   6   
ptran_sb_mux_L1 : 3   4   5   5   5   
inv_sb_mux_1    : 4   5   5   5   5   
rest_sb_mux     : 1   1   1   1   1   
inv_sb_mux_2    : 20  22  23  23  23  

Area                Delay               APD                 
1542858.42757       2.655e-10           0.000409628912519   
1734545.19581       1.849e-10           0.000320717406705   
1867031.51829       1.911e-10           0.000356789723145   
1867031.51829       1.906e-10           0.000355856207386   
1867031.51829       1.908e-10           0.000356229613689   

wordline_driver:
inv_wordline_driver_4       : 11  14  14  14  14  
inv_wordline_driver_3       : 3   4   4   4   4   
inv_wordline_driver_2       : 2   2   2   2   2   
inv_nand3_wordline_driver_1 : 1   1   1   1   1   

Area                Delay               APD                 
47425637.9152       6.165e-10           0.0292379057747     
52556290.9841       2.896e-10           0.015220301869      
52556290.9841       2.742e-10           0.0144109349878     
52556290.9841       2.742e-10           0.0144109349878     
52556290.9841       2.742e-10           0.0144109349878     

wordline_driver_dummy:
inv_wordline_driver_dummy_4       : 8   8   8   8   8   
inv_nand2_wordline_driver_dummy_1 : 1   1   1   1   1   
inv_wordline_driver_dummy_2       : 1   1   1   1   1   
inv_wordline_driver_dummy_3       : 2   2   2   2   2   

Area                Delay               APD                 
548567.460866       4.586e-10           0.000251573037553   
548567.460866       2.479e-10           0.000135989873549   
548567.460866       2.468e-10           0.000135386449342   
548567.460866       2.468e-10           0.000135386449342   
548567.460866       2.468e-10           0.000135386449342   

xconfigurabledecoder2ii:
inv_nand2_xconfigurabledecoder2ii_1 : 1   1   1   1   1   
inv_xconfigurabledecoder2ii_2       : 7   5   5   5   5   

Area                Delay               APD                 
1269326.08949       4.185e-10           0.000531212968452   
1182587.59601       1.477e-10           0.00017466818793    
1211168.8054        1.228e-10           0.000148731529303   
1182587.59601       1.182e-10           0.000139781853848   
1182587.59601       1.231e-10           0.000145576533068   

xconfigurabledecoder3ii:
inv_nand3_xconfigurabledecoder3ii_1 : 1   1   1   1   1   
inv_xconfigurabledecoder3ii_2       : 6   4   4   4   4   

Area                Delay               APD                 
3005704.49341       2.71e-10            0.000814545917714   
2825622.20931       1.607e-10           0.000454077489036   
2825622.20931       1.357e-10           0.000383436933803   
2825622.20931       1.357e-10           0.000383436933803   
2825622.20931       1.358e-10           0.000383719496024   

xconfigurabledecoderi:
tgate_xconfigurabledecoderi_2 : 4   5   4   5   4   
inv_xconfigurabledecoderi_1   : 4   5   5   5   5   

Area                Delay               APD                 
5191492.42083       9.409e-11           0.000488467521876   
6358171.48317       2.78e-11            0.000176757167232   
5720554.03041       2.499e-11           0.00014295664522    
5874998.99369       2.677e-11           0.000157273723061   
5883999.11043       2.616e-11           0.000153925416729   

xconfigurabledecoderiii:
inv_xconfigurabledecoderiii_2       : 7   7   7   7   7   
inv_nand2_xconfigurabledecoderiii_1 : 1   1   1   1   1   

Area                Delay               APD                 
337940.028806       2.088e-10           7.05618780147e-05   
324279.91562        1.429e-10           4.6339599942e-05    
324279.91562        1.67e-10            5.41547459085e-05   
324279.91562        1.67e-10            5.41547459085e-05   
324279.91562        1.669e-10           5.41223179169e-05   

TOTALS:
Area                Delay               APD                 
1081535323.31       2.25772052e-10      0.244180449253      
1158510247.1        1.41889054e-10      0.16437992301       
1192036901.76       1.33443503e-10      0.159069579876      
1192714448.64       1.33055941e-10      0.158697743308      
1184202287.25       1.3252776e-10       0.156939676516      

